195.01166666666686
149.24786666666657
147.8542333333318
147.21756666666957
147.3366999999977
147.53016666666858
147.73203333333336
143.2676666666642
142.89896666666664
142.8907666666646
142.44039999999436
142.66616666667082
140.19643333333534
144.06156666666448
142.64140000000225
142.9309666666692
145.29006666666646
143.8123666666646
139.55889999999727
142.07123333333888
141.22330000000147
140.90029999999842
139.58893333333435
140.4061000000032
136.95826666667017
142.09520000000188
140.06936666667116
139.95766666666896
138.36840000000544
140.17826666666528
139.5032666666642
137.11433333333693
139.6242999999989
139.12276666666608
139.02643333333344
137.90446666666867
138.49670000000364
137.9521666666657
139.91866666666888
140.90196666666847
141.3731000000022
138.05083333333337
137.01669999999618
137.0234666666723
136.888799999997
136.899699999996
137.08056666666835
137.58973333333415
133.18393333333157
135.83523333333383
136.86166666666395
137.9255333333352
133.87506666666317
133.06300000000041
137.83686666666503
138.10629999999642
135.82099999999477
136.86363333333702
136.99599999999919
134.66353333333245
136.2232000000025
136.28340000000208
132.3957666666653
136.58196666666905
135.73229999999512
133.6705000000014
136.30456666666456
135.04613333332904
134.3267666666634
134.9318999999999
134.06253333333402
133.6189666666693
134.01953333333645
133.3862999999989
132.56243333333563
132.52696666666756
131.3906333333307
134.03986666666393
134.16293333333064
133.14850000000055
132.25953333333868
125.42126666667173
125.73656666666768
126.02856666666564
125.4826666666683
126.29296666666505
125.70379999999659
125.68106666666002
126.43049999999978
126.79636666666738
125.46919999999773
126.09033333333173
125.68759999999959
126.02493333333769
124.79513333333519
124.03189999999995
124.28259999999985
125.35873333332954
123.81016666666558
124.20550000000124
121.70066666666723
123.19846666666763
121.48063333333236
122.29559999999917
121.60210000000309
120.66593333333155
121.95556666667169
121.58999999999953
120.20520000000185
121.2344666666695
123.3133333333323
122.50530000000406
121.27556666666806
121.45906666667845
122.21546666666352
119.61153333333338
122.3890666666648
122.10673333333943
122.32973333334485
121.51660000001054
120.8103666666678
120.08743333334071
118.56323333333118
120.27480000000044
120.24870000000192
118.97140000000945
122.69303333334089
120.35289999998895
121.55416666666194
122.40993333333184
121.8548000000131
122.66026666667737
121.9468000000082
112.5
113.1193000000015
111.75376666666732
111.12753333333482
109.83496666667634
107.6652000000043
100.29613333334358
101.44969999999678
98.37346666666538
101.6599000000042
102.00133333332815
99.72973333333357
100.68079999999402
100.28969999999997
99.37513333332693
100.88749999999891
99.6187333333334
99.91646666665777
98.65553333333992
98.53566666665756
99.86426666666073
99.42136666666859
98.26873333334636
97.4335666666775
99.38859999998992
99.6648333333269
97.96776666667029
98.46623333334416
99.44646666666206
98.6221999999998
99.22270000000329
98.99713333334148
98.69936666665733
97.21400000000055
96.81770000000445
97.76296666667197
97.24746666665851
93.72776666665838
94.76166666666661
93.85206666667425
94.5519999999912
94.87850000000435
93.80956666667164
93.88200000000022
94.09343333333406
92.95136666666319
95.07793333332302
94.01100000000042
87.77736666667504
86.59876666665696
87.67496666667587
86.38290000000477
85.07379999999405
86.97989999999056
86.558766666667
83.78203333333356
86.2470666666771
86.43399999999322
86.09456666666422
86.07353333333474
84.27113333332272
86.13623333332423
86.41896666666374
85.3926000000077
86.37750000001081
85.17936666667083
86.50423333333492
89.29433333332781
85.14970000001085
84.93076666666941
86.02710000000116
86.11453333334491
85.48286666667384
83.83450000001176
83.96599999999428
86.8780000000091
86.26176666666652
85.50486666666377
84.68786666667256
83.73136666667354
85.10366666667626
85.41956666666313
85.69173333333613
86.67686666666062
84.87220000000282
85.01726666666703
85.66686666666403
84.22730000000531
80.89870000000398
79.1856333333423
78.60266666666575
80.24676666667195
78.90513333333426
79.25413333332472
79.68646666666548
78.57376666665914
79.1000666666605
80.46373333333274
78.69596666666136
79.44250000000466
79.08749999999903
78.13620000000203
77.32433333333877
77.79919999999645
79.3335666666735
79.24826666667286
76.7928333333354
76.08149999999416
77.859099999993
77.26986666666562
75.85426666667747
66.41510000000987
67.30003333333723
66.43823333333785
66.07740000000983
68.06889999999537
66.29016666667364
66.91110000000056
66.10496666667132
65.52239999999377
65.16180000000229
66.79313333333994
65.39073333333363
65.10153333333619
66.1103333333358
65.19763333333988
65.6935333333422
66.11960000000181
66.28919999999805
65.0957333333281
64.97553333332083
65.1271333333322
65.07293333332503
65.02563333333455
65.14376666667279
63.634700000011435
64.97383333333649
63.75686666666903
64.12623333333916
61.68533333332865
55.47610000000228
56.05386666667679
55.74043333332762
56.01680000001276
56.05886666665659
55.27793333333951
56.10283333333731
55.62766666666903
55.09283333334073
56.3857999999982
55.580266666675016
55.269633333333935
54.214500000004286
50.659666666660996
43.76183333332241
43.09676666666746
43.06240000000798
43.98726666666638
43.64373333332878
42.785633333339014
42.49466666665285
42.637566666659644
40.270433333337984
38.75566666665691
38.16713333332397
37.711766666658754
37.075966666664804
37.95246666666875
36.85376666667253
37.805833333338036
37.703433333338886
36.728166666671314
36.29049999999552
36.49770000000293
35.73666666667729
30.516866666675924
30.16380000000633
29.73666666666759
29.358833333329432
29.468633333332644
29.32619999999891
28.78896666666151
28.968599999992268
28.53426666667171
28.560866666672762
28.141900000006597
27.638566666670766
26.447266666658226
25.400533333337687
24.215900000005302
23.539933333328616
23.61159999998866
23.7536000000091
23.540699999997134
21.547999999999472
20.575766666676525
20.647433333321413
18.907400000004298
13.245100000009794
12.60570000000977
12.061266666675388
11.548699999987852
11.552033333343084
11.433000000003327
11.431866666680435
10.612300000002506
10.124233333332691
10.02133333333101
9.061299999999997
6.036333333334672
5.346533333325472
4.766333333327566
4.166066666660602
4.26670000000134
4.3175666666684265
4.246266666662753
3.490333333335608
2.880333333329569
2.8742666666706405
2.042399999997239
0.3486666666655462
0.31903333333502815
0
