94.09716666666672
58.314933333333364
47.71413333333309
47.42010000000126
47.639766666666596
47.78706666666608
47.289900000000294
47.38989999999982
47.27653333333327
47.24390000000085
47.40606666666736
46.812366666667536
47.73526666666612
47.23030000000108
47.32450000000009
45.24490000000014
47.00403333333346
46.982666666665786
46.24856666666801
47.150566666666315
46.980833333333294
46.68283333333344
46.561733333332235
46.67363333333393
46.347133333334035
46.6843666666667
46.752699999999926
46.25756666666613
47.06386666666731
46.78093333333209
46.32046666666648
46.85203333333258
45.94146666666651
45.89666666666593
46.28789999999867
45.31023333333337
45.22516666666737
45.3961333333325
45.308299999999235
44.566733333334696
42.63896666666559
41.639533333333624
43.299233333330754
44.76793333333262
45.123833333332186
44.09133333333178
45.45193333333373
44.82780000000351
44.67156666666673
44.71320000000105
44.785066666664385
44.27433333333207
44.38443333333453
44.4518999999976
44.57983333333383
44.66076666666746
44.369433333334506
44.423599999997045
44.43209999999832
43.786400000002835
42.63700000000199
44.24580000000257
42.839333333332284
43.38573333333594
43.573099999999464
43.07646666666566
42.52800000000055
42.2552666666661
42.92903333333319
42.76729999999892
43.58246666666522
42.71986666666786
43.408066666665945
43.52053333333288
43.01206666666909
42.67726666666931
42.3151333333332
43.09316666666897
42.52713333333228
42.25563333333184
42.13026666666716
42.86433333333358
42.27249999999761
42.40246666666584
42.99676666666604
42.65823333333477
42.09383333333108
40.87183333333163
42.263699999997094
42.61796666666745
42.14196666666415
42.19036666666701
42.48266666666799
42.23296666666935
42.58073333333338
42.42923333333314
42.26056666666788
42.156566666665185
42.47683333333422
42.48336666666622
39.2341333333358
39.17066666666642
39.18709999999995
39.16440000000042
38.29616666666501
38.20596666666537
38.039266666665604
38.38996666666693
37.761933333335186
38.178133333334095
38.266299999997955
38.45726666666754
37.271800000000134
36.004766666667365
35.947566666667775
36.014733333331606
35.93073333333147
35.92109999999972
35.79229999999901
35.58379999999867
35.969900000001566
36.04069999999714
35.46646666666599
35.35156666666808
35.70286666666789
35.48223333333075
35.56820000000016
35.35469999999729
35.03323333333128
35.15836666666701
35.215033333330815
35.24993333333365
34.59503333333487
35.341400000000554
34.802799999999934
35.06600000000238
35.0545666666676
34.75010000000035
34.97979999999643
35.02663333333279
34.9901333333302
35.057966666666594
34.981699999999215
35.00780000000153
35.323799999999515
35.57903333333267
34.43906666666786
34.0151333333362
34.549366666666025
34.92153333333666
34.62950000000168
33.387300000000174
32.54510000000058
32.440100000000406
32.4217666666641
32.34190000000202
31.36100000000018
32.30383333333293
31.93233333333107
32.622333333332186
32.45210000000043
31.587466666663506
31.419500000000273
31.86946666666775
32.08120000000084
31.63403333333387
31.30826666666735
31.660299999998642
31.682066666663406
31.397966666668253
31.887666666667275
31.61253333333131
31.740800000000036
31.76686666666531
31.622566666665836
31.47560000000264
31.596999999999298
31.26320000000078
30.229000000000877
31.423900000000533
31.204700000000685
31.37179999999944
31.232633333335496
30.952500000000782
30.993133333333844
31.181933333334655
30.634733333333013
30.945633333332506
30.965799999997518
30.901433333330413
31.020966666665117
30.863066666665873
28.88186666666949
28.554466666666183
28.71819999999919
28.83153333333439
28.226900000000416
27.59770000000117
28.75663333333402
28.79479999999906
28.78376666666706
28.70933333333217
28.47636666666631
27.76803333333267
28.141100000001035
28.066133333334164
27.865300000000087
27.586766666665124
27.608566666663137
28.431033333333744
27.504533333330983
28.084166666667443
28.253166666668978
28.071766666668434
28.041766666664596
28.328033333336105
28.044233333332613
28.028233333331325
28.310400000001817
28.136299999998
28.200566666665356
28.173533333335854
28.03000000000111
28.060066666667655
28.10913333333171
27.64106666666824
27.72256666666711
28.19559999999986
27.680200000001303
27.82999999999826
27.626633333333455
27.87309999999934
27.10616666666586
26.791866666667374
26.9521999999976
27.00693333332917
27.522533333331012
27.375999999996264
26.000200000006163
26.149566666663304
26.115666666669313
24.29856666666789
26.25233333333199
26.24983333333451
25.749633333331683
26.011300000004667
25.86586666666335
26.126733333330776
25.651433333329503
26.238166666666984
24.438199999993532
22.74446666666942
22.57279999999658
22.80793333333501
22.42230000000139
22.455566666667437
22.62066666667124
22.439799999998893
22.36563333333379
22.64633333333374
22.68746666666175
22.615733333327626
21.987666666662637
20.62186666667003
18.432900000001002
18.5782999999977
18.068266666667416
18.754966666665496
18.742666666670022
18.467699999996512
18.89616666666522
18.774766666668558
18.26419999999871
18.405633333334965
17.854899999997542
18.11569999999847
18.343766666665335
17.483899999994417
15.51123333332877
15.453466666667737
15.000166666671552
15.347666666669587
15.522700000004383
15.194133333337353
15.487066666673854
14.838899999995192
15.178566666668303
15.430399999998675
15.323966666665001
15.401800000002671
14.836666666663708
14.502900000002228
15.094733333330623
14.905033333335874
14.581266666664305
14.44810000000416
14.874999999998787
15.161133333337299
15.0868333333392
14.424733333339645
13.954266666663292
14.770033333335656
14.067600000006072
13.850266666668176
14.467933333336683
14.270166666665318
14.319933333338971
14.448733333332106
13.899199999999231
13.060433333331881
12.55346666666052
13.253866666665695
13.209099999994578
12.687466666670844
12.35226666666828
12.84333333333052
10.720900000001166
11.2169999999954
11.210033333334954
10.93910000000354
10.703600000003158
10.80779999999777
11.011500000002647
10.737433333330651
10.551033333331361
10.218233333330318
10.107799999999164
10.142800000001747
9.518499999997706
9.500933333333705
9.344900000003994
8.456966666669055
8.538766666667167
8.989333333336921
8.835200000006202
8.036500000002889
7.8965333333371746
7.8996333333407165
7.064900000000307
5.268833333335958
4.9969333333365284
4.847033333332244
4.810333333337742
4.533666666664733
4.569799999997788
4.725099999996019
4.301600000000387
4.243366666666286
4.102200000003601
3.8533999999951143
2.782400000000962
2.4750333333334615
2.2714666666691605
2.0400999999992564
2.1937666666644873
2.121333333335921
2.2542666666671116
1.8495999999989483
1.5933666666721062
1.5566666666700257
1.1357666666678294
0.33939999999953824
0.3257666666665197
0
