113.54819999999985
110.4122333333334
110.04749999999983
108.97073333333319
110.30200000000008
111.23146666666676
111.88056666666644
111.6322333333334
115.16589999999998
115.61240000000006
115.15336666666657
115.22426666666661
107.42970000000014
114.56013333333317
114.99663333333292
115.13266666666671
114.87573333333312
114.2515000000003
110.67583333333366
110.75073333333307
110.7874
111.25553333333282
110.42873333333412
110.96556666666687
110.67260000000091
110.46063333333412
110.18870000000048
109.27126666666615
109.21453333333393
109.3734333333335
109.15306666666804
109.42643333333233
107.93043333333306
108.59943333333224
108.61750000000067
108.31279999999879
107.88763333333311
108.56713333333421
108.66586666666649
107.99609999999878
107.41920000000012
107.4467666666654
106.6267000000001
107.4670666666653
106.05086666666732
106.0118333333321
106.39443333333247
105.97830000000006
104.83500000000087
98.65656666666685
99.0225333333323
93.77300000000066
97.63933333333436
97.10539999999999
98.32623333333383
97.50173333333312
97.73683333333452
97.08873333333183
96.58680000000004
96.81313333333416
96.91529999999868
96.31413333333398
95.71166666666689
94.91913333333362
96.13176666666732
95.09429999999952
95.06733333333462
95.08893333333315
94.55266666666564
94.19633333333384
87.67583333333467
87.43943333333466
86.89243333333252
86.87473333333553
86.66663333333418
86.5338333333322
86.17276666666764
87.2868333333334
84.91220000000037
86.31129999999985
86.70593333333348
85.41773333333443
84.83289999999973
85.8350666666676
84.9675333333342
85.01883333333353
84.40253333333582
84.18883333333345
85.35346666666707
84.42443333333358
83.93866666666554
78.94563333333433
75.55953333333416
75.80253333333455
75.19240000000309
76.18776666666538
75.54613333333388
67.35546666666323
67.95643333333221
66.92696666666507
68.37973333333214
67.11293333333212
65.56940000000016
61.19643333333139
60.72739999999991
61.18726666666513
63.78853333333533
57.32843333333145
52.13090000000117
51.03356666666438
53.126633333333
55.04880000000109
50.51273333333105
46.511066666668434
41.0411999999989
46.066266666665946
45.12436666666417
41.0269666666674
41.201300000000174
38.16199999999981
33.34709999999935
33.14390000000079
30.648166666666537
34.61093333333262
29.74013333333308
31.59733333333179
29.702433333333527
29.39413333333505
30.448266666663432
32.891233333331606
29.256266666667823
28.499966666663568
30.771966666664714
27.579400000001897
32.001900000000205
28.690000000002176
29.190533333333708
20.59826666666898
21.860566666669
19.548633333333026
18.703566666666422
18.6649999999986
16.961699999997865
15.798499999997754
14.880599999999808
13.890366666665463
8.586833333333743
7.980899999999262
7.443699999998898
6.897666666668556
3.8140333333331
3.234866666665918
2.6726666666680408
2.0044999999981883
0.3325000000018008
0.3104333333340037
0
