116.62716666666644
111.44283333333338
109.99486666666674
107.06756666666688
115.03633333333313
113.87440000000028
110.58689999999984
118.50929999999995
114.02306666666627
117.95313333333297
115.1267333333332
117.71713333333385
111.18806666666596
118.75869999999983
113.20979999999945
115.34313333333348
112.92703333333331
115.58719999999975
116.62260000000042
116.54336666666723
112.78916666666704
112.43766666666677
112.15140000000001
110.98173333333345
110.72916666666684
111.14166666666658
109.97276666666663
111.2323333333336
110.42463333333406
111.45476666666809
109.69473333333326
109.8763999999998
108.77206666666552
109.71566666666679
104.57126666666643
107.97410000000127
108.57949999999998
108.44546666666588
103.8361000000009
106.50309999999952
107.11426666666739
106.98756666666706
105.34500000000169
106.11946666666654
106.13773333333445
105.42950000000057
105.7217666666664
99.70330000000065
99.97433333333372
98.11770000000024
98.5652666666681
96.24976666666687
99.17529999999981
98.5683333333327
97.41826666666687
96.61786666666596
96.01019999999873
98.24226666666694
97.03826666666752
95.88850000000093
95.29479999999921
96.1986999999984
95.54496666666712
95.76899999999948
94.85443333333403
95.60140000000008
95.56543333333327
94.41819999999932
87.68243333333317
85.88596666666793
87.06436666666757
88.13363333333275
87.6531
86.06223333333294
87.71169999999984
87.32926666666572
85.84813333333538
84.81529999999869
84.983466666669
85.1067999999979
84.28643333333336
84.26546666666657
85.28573333333422
85.68820000000035
82.96456666666548
84.90130000000136
81.89083333333353
84.4963666666672
81.3444000000004
74.4734666666659
74.83043333333323
77.90206666666488
75.7598666666695
77.48566666666648
76.9362666666666
74.08230000000155
76.8146999999999
75.88729999999941
74.94429999999663
74.62849999999814
74.31640000000168
73.90086666666775
73.73019999999997
74.63983333333317
75.60656666666621
73.80803333333385
72.98816666666805
72.96246666666472
73.56736666666468
73.52690000000166
66.32366666666485
66.09690000000228
66.42650000000003
66.61819999999732
65.96763333333229
67.60896666666743
66.63043333333387
66.44600000000007
65.32093333333175
66.16080000000011
65.52796666666912
64.76116666666864
64.43296666666735
64.55406666666477
66.4335000000013
65.3552333333361
63.07903333333419
64.5432000000028
63.05043333333439
63.888133333333975
63.70706666666592
60.34153333333355
60.88443333333468
59.30286666666689
60.12863333333295
60.32429999999825
59.16996666666895
59.999599999999496
62.023400000002006
58.16559999999905
61.06963333333321
58.17436666666632
60.15429999999924
56.95923333333136
53.12389999999899
51.82306666666818
52.08186666666658
48.13866666666703
50.529233333334865
47.465466666668966
48.32450000000108
50.08133333333262
47.999100000000304
47.85309999999754
52.57083333333412
47.333233333332224
45.4338666666672
41.605299999999566
41.00349999999935
40.695599999999864
39.268333333332826
35.93793333333224
36.322066666665854
38.56766666666923
38.4192999999982
39.92059999999734
34.40833333333254
29.525966666665227
31.058866666667956
28.743566666666236
29.997866666667505
28.104900000001482
30.023033333335054
27.34779999999925
27.15729999999894
27.191766666669537
27.139166666665915
30.048300000002353
26.728433333331242
19.016500000001695
19.766466666669658
20.675500000000586
18.775400000000293
17.605733333334683
16.86766666666699
15.581400000000182
14.574966666668843
13.606433333332765
8.349999999999605
7.868499999998828
7.422766666665363
6.852933333334477
3.712800000001456
3.2088999999965986
2.526033333333544
2.0678666666678205
0.3619333333328238
0.31769999999748205
0
