185.08766666666645
143.03783333333323
144.87353333333127
142.09763333333285
142.55026666666404
142.0723333333323
141.62156666667065
141.2520666666675
139.89013333333182
147.54776666666962
141.4130000000038
139.46776666666665
143.71126666666592
143.4563333333396
140.16563333332974
139.19063333333574
144.6361333333319
146.34686666666616
147.06253333333734
146.40786666666372
144.661133333337
144.8608333333368
144.01699999999286
143.55880000000525
145.11186666666921
145.68610000000413
142.92023333333267
145.0650666666661
145.82936666666532
144.088899999997
144.97996666666495
145.48319999999725
141.88043333332794
141.31683333333362
140.650599999996
142.36173333332923
141.26103333333808
140.7115666666717
139.99463333332946
140.17936666666628
140.53616666666736
141.52103333333343
137.19473333333858
139.8275333333307
141.4351333333343
140.27826666666292
141.91249999999704
140.9942000000001
138.2912000000033
140.10189999999815
141.6879999999992
140.18003333333127
140.313599999998
140.22716666666688
140.76326666666623
140.635366666667
138.3695333333359
136.70773333334031
137.37486666667186
134.7941333333362
138.34906666666788
139.37629999999595
135.53419999999883
138.4129666666695
135.9087000000045
136.24686666667003
137.6889333333338
137.34156666666877
137.12396666666487
136.76126666666732
136.91486666666606
134.1357333333311
135.67519999999908
133.32593333333685
133.73046666667202
133.33259999999427
135.10193333333214
131.78909999999937
132.20586666667108
132.74266666666486
133.02666666666028
134.13256666666862
134.1414000000062
133.93180000000484
125.61029999999391
125.98206666666556
127.70523333333585
127.06763333333129
125.6920999999996
125.9708666666711
124.86149999999725
126.2173333333294
121.97559999999612
122.92406666667073
120.88273333333746
119.69383333333401
123.9322333333348
123.63516666666783
123.47760000000108
122.0757666666638
121.56410000000051
124.72410000000309
121.60743333333055
124.28136666666585
125.21656666666938
123.18733333333209
125.04446666666809
125.74899999999616
125.04103333332448
124.23893333332974
122.85843333334014
123.48733333333257
124.26403333332321
120.57493333333393
122.96963333333224
119.7210666666706
119.2333666666703
121.37776666666771
119.06063333334107
119.22586666667787
119.19656666667227
117.90876666665706
118.40993333333547
119.27276666666937
117.3663999999917
119.56593333332724
118.21350000000166
118.05216666666638
119.11079999999856
120.12289999999363
119.01890000000701
119.09030000000105
113.8692666666581
113.74353333333904
114.055833333335
113.65613333333992
114.82423333333524
113.26126666666217
112.21396666666503
113.45073333333555
113.65339999999075
113.06403333333037
112.16450000000198
112.3301999999967
113.02390000000742
111.99569999998857
113.79946666667517
111.55833333332339
111.90113333332192
112.26143333333312
111.55430000000403
111.73179999999168
110.30753333332844
110.45363333332716
111.11089999999422
110.93603333333704
111.47966666665828
108.75223333334058
108.51923333334526
108.03973333333185
111.11376666667638
108.17806666667214
107.56753333333411
110.30483333332388
109.59790000000187
110.77103333333677
109.65713333333345
108.34046666667139
111.33203333333768
110.73806666666617
110.48370000000129
110.675133333325
105.91633333333448
109.45103333333464
109.91753333332781
109.43023333332651
109.57589999999679
108.27533333332819
100.75540000001031
98.50703333334725
102.89233333334475
97.94533333333675
99.92739999999382
98.95123333333989
100.11036666666466
99.87423333333633
100.99996666666205
99.79849999999715
100.60523333333246
100.09490000000672
100.16873333332417
99.81646666666772
100.50476666666934
99.94683333332735
98.37453333332935
100.29490000000199
99.57133333333938
100.67240000000008
100.85160000000239
98.62429999999829
99.18649999999616
99.1035333333457
96.8149999999999
96.7655000000074
97.32453333332766
95.4202999999931
97.47470000000551
96.8579000000015
98.56989999999921
96.21713333332688
91.05346666666871
89.62970000000799
89.79363333334429
90.85606666667445
91.34356666666766
89.91646666666686
90.32666666666955
89.6665333333355
85.5514000000009
84.94126666667701
84.3245333333319
84.59333333333537
84.30069999999432
84.45396666666056
84.4456999999996
81.76566666667593
84.61236666666991
83.90623333333072
84.704633333331
84.17456666666112
83.81219999999605
84.26079999999274
82.34003333333628
82.58349999999457
80.99239999999857
82.90683333333011
82.19656666666803
73.2426666666773
70.50126666666377
71.69656666666621
69.85823333332822
72.42193333333186
71.88496666666045
69.98780000000504
72.11283333334298
69.91606666665575
70.71623333332961
70.51813333334091
66.36333333334126
58.605166666666264
57.95036666666723
58.97993333333034
58.97423333332578
58.777933333340115
58.51770000000821
57.92236666666213
58.477866666665555
58.74673333332794
58.134933333334025
58.13790000000457
56.715566666677354
53.87796666667176
47.76943333332989
46.310066666668114
46.75660000001093
45.624433333341585
46.43446666667236
46.38480000000224
46.40689999999571
45.88439999999233
43.21523333334577
42.817300000009105
42.02680000000024
40.68366666665497
40.2471999999913
42.299766666671225
39.695199999990415
40.70593333332605
39.974799999996925
38.67336666665627
39.58169999999276
38.09406666665988
32.68576666666073
32.1707333333355
32.3365666666632
32.14716666666391
32.58850000000469
31.718799999998737
31.956833333318475
31.549900000012105
30.907766666662912
29.774700000007215
28.565266666661653
28.003366666674385
25.670766666674655
25.488299999991188
25.48856666667234
25.392966666671175
25.214866666677455
22.92293333333267
21.99723333333168
22.154533333332438
20.4170333333271
14.701833333325945
14.080466666655411
13.230166666668689
12.924500000008265
12.98776666667436
12.35423333334135
12.969333333330724
11.451199999995273
11.374533333325113
10.76700000000225
9.985466666663948
6.811866666672965
6.098933333320626
5.5056999999881855
4.797733333331659
5.192800000001323
5.209799999996297
4.640966666662886
3.764633333336557
3.1045000000024934
3.0919333333410273
2.1673999999923885
0.3390666666746256
0.3294999999980064
0
