192.77049999999983
155.28943333333322
148.81059999999783
146.47769999999886
145.62733333333804
144.39050000000103
145.65463333333355
145.74209999999917
146.74986666667186
146.52690000000348
142.3052666666687
146.50113333332988
147.04359999999875
146.27786666666603
142.3667666666688
142.8664666666691
147.02859999999873
141.69213333333724
141.60796666666707
140.88716666666792
139.56740000000232
140.78830000000076
140.1675333333363
138.58466666667178
140.1101000000002
138.75106666666852
138.50783333333916
138.45003333333352
141.40559999999974
138.19536666667318
140.67123333333407
138.31649999999627
137.44016666666994
141.38720000000072
141.9163666666691
138.73453333333146
139.04216666666494
140.27710000000297
139.83266666666623
139.63073333333492
138.94533333333735
138.13873333333504
138.12379999999393
138.9590333333293
137.23203333333154
138.66290000000086
135.8544000000014
133.84779999999714
134.24663333333532
135.17139999999776
135.4848000000023
135.09573333334023
133.23113333333367
134.5260000000053
132.85273333333407
132.90203333333466
134.73513333333358
134.4284000000016
136.5822000000056
135.1953999999978
133.96386666666635
133.32550000000083
135.02383333333606
131.10553333333428
135.9070333333269
132.45856666666592
131.03306666666867
134.33466666666996
131.65166666666815
136.5093999999999
131.86366666667104
131.5430666666695
132.1237999999994
132.43446666666992
133.52476666666462
130.68229999999707
130.96680000000256
132.33293333333526
130.30403333333803
131.97756666666768
135.3350999999975
124.89729999999781
121.4114000000033
122.30063333333116
123.31820000000182
121.94006666666913
120.95896666666401
112.98186666667031
112.87163333333108
112.5566000000011
113.24026666666214
112.37259999999576
112.36850000000231
112.37629999999778
112.45526666666592
112.12443333333037
111.1246666666678
112.66766666666778
111.64469999999558
112.02586666666623
109.57503333333989
107.81369999999697
109.19296666666772
108.22743333333165
107.74919999999686
108.35179999999885
107.16156666666545
107.70183333333232
109.41676666666353
109.67236666666243
109.10773333333357
106.36623333333166
107.17369999999089
107.9393333333428
107.52043333333556
108.64090000000033
107.453866666674
109.03323333333599
108.89909999999266
108.11059999999391
106.34269999998953
106.39403333332969
106.53556666666191
108.09516666666543
107.3300333333312
107.28843333333013
106.21856666666645
107.98373333333682
98.68469999999736
98.44140000000152
98.28070000000177
101.81330000000344
99.18566666666872
97.21329999999095
99.43650000000162
98.78933333334317
97.22403333333507
98.21363333333768
98.50676666666611
99.26663333332424
96.81776666666337
98.24119999999918
98.92486666667537
98.16280000000006
99.27609999999731
98.76653333334009
97.84406666667564
96.86196666666547
98.11376666666547
97.88060000000769
97.82913333333454
97.79270000000604
97.3328666666627
97.94393333333271
97.26563333333615
96.47306666667343
96.72969999999926
95.3689666666681
94.04626666666142
95.35899999999249
95.68296666666356
95.11223333332357
94.73616666667415
96.96616666666766
94.84446666666979
93.37550000000192
93.89380000000831
95.9472666666746
96.59156666666604
95.78696666665867
95.76879999999619
95.51306666665671
96.09253333333072
95.88103333333795
96.01810000000721
95.50526666666883
95.04056666667869
95.28156666666898
87.7215666666719
84.71506666666453
86.58366666666855
86.59920000000056
85.56856666667348
86.5291999999954
86.67749999999614
83.58339999999771
82.82066666667258
83.9454000000084
83.75713333333199
83.16140000000208
84.73766666666052
82.91410000000117
83.70503333333848
84.53649999999773
83.03900000000795
84.33336666666946
82.5593666666767
82.114433333345
85.86690000000392
82.8927333333316
82.72316666666484
81.68643333333421
79.29269999999633
78.79536666667566
79.18483333332915
79.16433333333164
75.82313333333938
68.33023333333585
67.63540000000224
67.29329999999815
66.46429999999175
66.86949999999949
65.65083333333253
67.0853999999963
66.56326666666246
66.15416666665321
65.11033333332914
64.97280000000198
63.43006666667558
65.53860000000593
66.04680000000371
64.69613333333655
64.84463333332921
65.25203333332381
64.62666666667853
62.56063333333562
62.3656333333353
63.992499999994834
64.38669999999244
62.533733333339114
55.370466666666594
55.7707999999972
56.381899999996676
57.08393333332727
56.71186666666775
56.65496666667119
55.84169999998873
55.91906666666849
57.164033333341045
56.24009999999847
55.082200000000135
55.168433333331755
55.11549999999564
51.29333333334216
44.72843333333003
44.09773333333457
45.2947333333365
43.79829999999553
44.43506666666508
45.23433333333742
44.1588333333281
44.212333333340815
44.63696666666692
44.182600000006765
44.44303333333058
43.54603333334429
43.118666666669014
43.91636666665969
42.44833333333796
43.39553333332636
41.92199999999199
42.82123333334008
43.708200000007004
42.7031333333313
42.81223333334007
43.6390999999882
43.33653333333132
42.313733333336735
41.80753333331874
42.19456666666398
41.57623333332291
41.4626999999958
42.50573333333705
41.24576666666447
42.082299999992756
42.3231666666652
40.6481666666726
40.40513333334275
39.65543333333699
38.568999999991625
39.023499999999935
38.232366666670714
37.47816666667253
38.63373333333584
37.68063333333581
37.08480000000236
36.108066666671824
35.66296666666252
30.22649999999582
30.568633333344525
29.895199999994777
29.376733333325927
29.729966666657976
29.523233333338794
30.030133333336078
29.458633333342732
29.444599999987986
28.567400000004756
28.08873333333395
26.400200000004286
25.59479999999894
23.985333333333376
23.813000000003132
23.679366666662343
23.82906666666713
23.890666666678346
21.743799999997766
19.987599999997958
20.621399999996964
18.103566666665454
13.47283333334417
12.938466666673776
12.212533333331521
11.683099999997163
11.388699999997698
11.525166666676038
11.628000000003643
10.87603333333694
10.150700000000748
10.457466666669765
9.458899999996598
6.400799999998223
5.498866666660736
5.120566666664672
4.665533333339529
4.3011333333348984
4.568833333344931
4.355433333345597
3.5420333333301337
3.0086666666799524
2.733299999999872
1.9296999999975621
0.322333333330486
0.30260000000149984
0
