115.05827
114.20234999999998
111.95693
120.15749
119.00560999999996
119.14147999999997
120.10401000000002
118.39530999999994
115.63056999999986
114.28399999999982
112.95936000000012
111.52320000000003
111.3699600000001
111.38961999999992
112.92104999999992
112.46577
112.4950100000001
111.64427999999987
109.76084000000013
110.24941000000014
109.6284800000001
107.99919999999986
107.07988000000002
107.67547999999977
106.38252999999965
107.21861000000047
107.64670999999964
105.61857000000033
106.8048500000009
105.49034000000007
105.69599999999922
106.42113999999992
104.68176999999969
105.79077999999981
104.26547999999912
106.44549999999981
105.99748999999974
105.21675999999955
105.31836999999996
104.49385000000005
102.79697000000054
104.56620000000042
105.11848999999984
105.07420999999907
104.39861999999948
105.14085000000023
104.37608999999954
103.44100000000026
103.08552000000076
98.45028000000072
99.29674999999973
98.21447000000035
97.46606000000044
98.51312000000007
96.33091000000037
97.76481999999987
96.28557999999997
96.61779000000024
95.87492999999995
96.36975000000005
95.56162000000086
96.14044000000034
93.66499999999975
94.363340000001
94.27271000000019
93.71165999999903
93.0664899999988
92.85513000000037
96.07729999999947
92.15917999999874
87.48351000000184
86.76690999999892
85.80099000000018
86.17473000000018
85.9727799999996
81.78083999999899
75.90349999999944
76.68443000000025
75.00743000000057
76.58478999999943
75.27228999999807
72.38603999999896
68.95674999999983
66.0310000000004
66.96664999999939
67.89534000000003
66.72361000000137
65.83122000000003
66.90637000000152
66.12831000000142
66.51409000000058
67.22203000000036
66.60184999999956
66.16962999999942
66.41767999999956
65.228239999999
68.31071000000065
65.23754999999937
66.80294999999887
65.22032999999965
66.25402000000122
63.099520000000666
66.30839000000151
61.47812000000158
60.743720000000394
59.559529999999086
59.61092000000008
60.21359999999959
59.76658999999927
60.55384000000004
59.57550000000083
58.11001000000033
60.0581800000009
57.7174500000001
59.43876000000046
59.60145000000011
50.762160000001586
51.9095399999992
51.48756999999932
52.90962000000036
51.84988000000203
47.461960000000545
42.413489999999
41.0307499999999
40.71816000000126
42.62046000000055
42.083900000000085
36.72861000000012
33.4438699999987
32.03981999999996
34.48522000000139
32.47385000000122
32.566099999999096
29.385500000000775
29.58470000000034
28.78789999999981
28.696380000001227
28.310519999999997
19.84817000000021
21.24567999999954
18.897150000000238
21.101750000000266
18.903549999999996
17.899089999998523
15.983179999998356
15.155339999998887
15.505029999999351
8.5880300000008
8.08573000000024
7.474890000000869
6.863009999999576
3.8037600000006933
3.145079999999325
2.6180599999997867
2.0573300000000927
0.3336899999999332
0.3052099999990787
0
